<?xml version="1.0"?>
<opencv_storage>
<classifications type_id="opencv-matrix">
  <rows>36</rows>
  <cols>1</cols>
  <dt>i</dt>
  <data>
    55 53 52 57 56 54 51 50 49 57 56 55 54 53 52 51 50 49 55 54 53 52 49
    57 56 51 50 55 57 49 54 51 53 56 52 50</data></classifications>
</opencv_storage>
