<?xml version="1.0"?>
<opencv_storage>
<images type_id="opencv-matrix">
  <rows>36</rows>
  <cols>600</cols>
  <dt>f</dt>
  <data>
    255. 255. 255. 255. 255. 255. 255. 255. 255. 255. 255. 255. 255.
    255. 255. 255. 255. 255. 255. 255. 255. 255. 255. 255. 255. 255.
    255. 255. 255. 255. 255. 255. 255. 255. 255. 255. 255. 255. 255.
    255. 255. 255. 255. 255. 255. 255. 255. 255. 255. 255. 255. 255.
    255. 255. 255. 255. 255. 255. 255. 255. 136. 136. 136. 136. 136.
    136. 136. 136. 136. 136. 136. 136. 136. 136. 136. 136. 255. 255.
    255. 255. 0. 0. 0. 0. 0. 0. 0. 0. 0. 0. 0. 0. 0. 0. 0. 153. 255.
    255. 255. 102. 0. 0. 0. 0. 0. 0. 0. 0. 0. 0. 0. 0. 0. 0. 0. 255.
    255. 255. 68. 0. 0. 0. 0. 0. 0. 0. 0. 0. 0. 0. 0. 0. 0. 0. 221. 255.
    255. 255. 0. 0. 0. 0. 0. 0. 0. 0. 0. 0. 0. 0. 0. 0. 0. 255. 255.
    255. 255. 0. 0. 0. 0. 0. 0. 0. 0. 0. 0. 0. 0. 0. 0. 0. 34. 255. 255.
    255. 221. 0. 0. 0. 0. 0. 0. 0. 0. 0. 0. 0. 0. 0. 0. 0. 255. 255.
    255. 255. 0. 0. 0. 0. 0. 0. 0. 0. 0. 0. 0. 0. 0. 0. 0. 102. 255.
    255. 255. 153. 0. 0. 0. 0. 0. 0. 0. 0. 0. 0. 0. 0. 0. 0. 0. 255.
    255. 255. 119. 0. 0. 0. 0. 0. 0. 0. 0. 0. 0. 0. 0. 0. 0. 0. 170.
    255. 255. 255. 0. 0. 0. 0. 0. 0. 0. 0. 0. 0. 0. 0. 0. 0. 0. 204.
    255. 255. 255. 51. 0. 0. 0. 0. 0. 0. 0. 0. 0. 0. 0. 0. 0. 0. 0. 255.
    255. 255. 255. 0. 0. 0. 0. 0. 0. 0. 0. 0. 0. 0. 0. 0. 0. 0. 255.
    255. 255. 255. 0. 0. 0. 0. 0. 0. 0. 0. 0. 0. 0. 0. 0. 0. 0. 51. 255.
    255. 255. 204. 0. 0. 0. 0. 0. 0. 0. 0. 0. 0. 0. 0. 0. 0. 0. 255.
    255. 255. 255. 0. 0. 0. 0. 0. 0. 0. 0. 0. 0. 0. 0. 0. 0. 0. 119.
    255. 255. 255. 136. 0. 0. 0. 0. 0. 0. 0. 0. 0. 0. 0. 0. 0. 0. 0.
    255. 255. 255. 255. 0. 0. 0. 0. 0. 0. 0. 0. 0. 0. 0. 0. 0. 0. 0.
    187. 255. 255. 255. 255. 0. 0. 0. 0. 0. 0. 0. 0. 0. 0. 0. 0. 0. 0.
    0. 255. 255. 255. 255. 34. 0. 0. 0. 0. 0. 0. 0. 0. 0. 0. 0. 0. 0. 0.
    255. 255. 255. 255. 255. 0. 0. 0. 0. 0. 0. 0. 0. 0. 0. 0. 0. 0. 0.
    34. 255. 255. 255. 255. 0. 0. 0. 0. 0. 0. 0. 0. 0. 0. 0. 0. 0. 0. 0.
    255. 255. 255. 255. 255. 0. 0. 0. 0. 0. 0. 0. 0. 0. 0. 0. 0. 0. 0.
    102. 255. 255. 255. 255. 255. 0. 0. 0. 0. 0. 0. 0. 0. 0. 0. 0. 0. 0.
    0. 255. 255. 255. 255. 255. 119. 0. 0. 0. 0. 0. 0. 0. 0. 0. 0. 0. 0.
    0. 0. 255. 255. 255. 255. 255. 0. 0. 0. 0. 0. 0. 0. 0. 0. 0. 0. 0.
    0. 0. 0. 255. 255. 255. 255. 255. 0. 0. 0. 0. 0. 0. 0. 0. 0. 0. 0.
    0. 0. 0. 238. 255. 255. 255. 255. 255. 0. 0. 0. 0. 0. 0. 0. 0. 0. 0.
    0. 0. 0. 0. 217. 255. 255. 255. 255. 255. 255. 255. 255. 255. 255.
    255. 255. 255. 255. 255. 255. 217. 0. 0. 217. 255. 255. 255. 255.
    255. 255. 255. 255. 255. 255. 255. 255. 255. 255. 255. 255. 217. 0.
    0. 217. 255. 255. 255. 255. 255. 255. 255. 255. 255. 255. 255. 255.
    255. 255. 255. 255. 217. 0. 0. 217. 255. 255. 173. 106. 106. 106.
    106. 106. 106. 106. 106. 106. 106. 106. 106. 106. 90. 0. 0. 217.
    255. 255. 220. 105. 0. 0. 0. 0. 0. 0. 0. 0. 0. 0. 0. 0. 0. 0. 0.
    217. 255. 255. 255. 140. 0. 0. 0. 0. 0. 0. 0. 0. 0. 0. 0. 0. 0. 0.
    0. 217. 255. 255. 255. 140. 0. 0. 0. 0. 0. 0. 0. 0. 0. 0. 0. 0. 0.
    0. 0. 217. 255. 255. 255. 140. 0. 0. 0. 0. 0. 0. 0. 0. 0. 0. 0. 0.
    0. 0. 0. 217. 255. 255. 255. 140. 0. 0. 0. 0. 0. 0. 0. 0. 0. 0. 0.
    0. 0. 0. 0. 217. 255. 255. 255. 140. 0. 0. 0. 0. 0. 0. 0. 0. 0. 0.
    0. 0. 0. 0. 0. 217. 255. 255. 255. 140. 0. 0. 0. 0. 0. 0. 0. 0. 0.
    0. 0. 0. 0. 0. 0. 217. 255. 255. 255. 245. 234. 234. 234. 222. 12.
    0. 0. 0. 0. 0. 0. 0. 0. 0. 0. 217. 255. 255. 255. 255. 255. 255.
    255. 255. 255. 255. 255. 103. 10. 0. 0. 0. 0. 0. 0. 163. 191. 191.
    191. 191. 191. 207. 255. 255. 255. 255. 255. 255. 150. 64. 41. 0. 0.
    0. 0. 0. 0. 0. 0. 0. 0. 37. 149. 149. 149. 239. 255. 255. 255. 255.
    166. 0. 0. 0. 0. 0. 0. 0. 0. 0. 0. 0. 0. 0. 0. 90. 218. 255. 255.
    255. 218. 112. 0. 0. 0. 0. 0. 0. 0. 0. 0. 0. 0. 0. 0. 0. 48. 188.
    255. 255. 255. 239. 163. 0. 0. 0. 0. 0. 0. 0. 0. 0. 0. 0. 0. 0. 0.
    166. 255. 255. 255. 255. 217. 0. 0. 0. 0. 0. 0. 0. 0. 0. 0. 0. 0. 0.
    0. 152. 245. 255. 255. 255. 217. 0. 0. 0. 0. 0. 0. 0. 0. 0. 0. 0. 0.
    0. 0. 0. 140. 255. 255. 255. 226. 64. 0. 0. 0. 0. 0. 0. 0. 0. 0. 0.
    0. 0. 0. 0. 140. 255. 255. 255. 255. 255. 0. 0. 0. 0. 0. 0. 0. 0. 0.
    0. 0. 0. 0. 0. 140. 255. 255. 255. 232. 106. 0. 0. 0. 0. 0. 0. 0. 0.
    0. 0. 0. 0. 0. 124. 226. 255. 255. 255. 217. 0. 0. 0. 0. 0. 0. 0. 0.
    0. 0. 0. 0. 0. 0. 166. 255. 255. 255. 255. 217. 0. 0. 0. 0. 0. 0. 0.
    0. 0. 0. 0. 0. 0. 16. 173. 255. 255. 255. 249. 199. 0. 0. 0. 0. 0.
    0. 0. 0. 0. 0. 0. 0. 54. 207. 255. 255. 255. 255. 191. 0. 0. 106.
    106. 106. 37. 0. 0. 0. 0. 0. 5. 101. 232. 255. 255. 255. 255. 218.
    112. 0. 0. 255. 255. 255. 186. 149. 149. 149. 149. 149. 154. 250.
    255. 255. 255. 255. 188. 69. 0. 0. 0. 255. 255. 255. 255. 255. 255.
    255. 255. 255. 255. 255. 255. 255. 131. 64. 35. 0. 0. 0. 0. 21. 21.
    197. 255. 255. 255. 255. 255. 255. 255. 255. 56. 21. 7. 0. 0. 0. 0.
    0. 0. 0. 0. 0. 0. 0. 0. 0. 0. 0. 0. 0. 0. 223. 255. 255. 255. 134.
    0. 0. 0. 0. 0. 0. 0. 0. 0. 0. 0. 0. 0. 0. 37. 229. 255. 255. 255.
    134. 0. 0. 0. 0. 0. 0. 0. 0. 0. 0. 0. 0. 0. 49. 208. 255. 255. 255.
    255. 134. 0. 0. 0. 0. 0. 0. 0. 0. 0. 0. 0. 0. 0. 146. 255. 255. 255.
    255. 255. 134. 0. 0. 0. 0. 0. 0. 0. 0. 0. 0. 0. 0. 65. 212. 255.
    255. 255. 255. 255. 134. 0. 0. 0. 0. 0. 0. 0. 0. 0. 0. 0. 51. 216.
    255. 255. 91. 255. 255. 255. 134. 0. 0. 0. 0. 0. 0. 0. 0. 0. 0. 0.
    70. 255. 255. 95. 4. 255. 255. 255. 134. 0. 0. 0. 0. 0. 0. 0. 0. 0.
    0. 32. 255. 255. 255. 70. 0. 255. 255. 255. 134. 0. 0. 0. 0. 0. 0.
    0. 0. 0. 0. 255. 255. 255. 108. 0. 0. 255. 255. 255. 134. 0. 0. 0.
    0. 0. 0. 0. 0. 0. 66. 255. 255. 226. 79. 0. 0. 255. 255. 255. 134.
    0. 0. 0. 0. 0. 0. 0. 0. 84. 251. 255. 227. 88. 0. 0. 0. 255. 255.
    255. 134. 0. 0. 0. 0. 0. 0. 0. 0. 210. 255. 255. 185. 0. 0. 0. 0.
    255. 255. 255. 134. 0. 0. 0. 0. 0. 0. 0. 115. 240. 255. 234. 62. 0.
    0. 0. 0. 255. 255. 255. 134. 0. 0. 0. 0. 0. 0. 107. 238. 255. 255.
    45. 0. 0. 0. 0. 0. 255. 255. 255. 134. 0. 0. 0. 0. 0. 0. 134. 255.
    255. 255. 0. 0. 0. 0. 0. 0. 255. 255. 255. 134. 0. 0. 0. 0. 4. 106.
    255. 255. 241. 6. 0. 0. 0. 0. 0. 0. 255. 255. 255. 134. 0. 0. 0. 0.
    57. 255. 255. 255. 44. 0. 0. 0. 0. 0. 0. 0. 255. 255. 255. 134. 0.
    0. 0. 6. 123. 255. 255. 197. 30. 0. 0. 0. 0. 0. 0. 0. 255. 255. 255.
    134. 0. 0. 0. 129. 255. 255. 192. 44. 0. 0. 0. 0. 0. 0. 0. 0. 255.
    255. 216. 71. 0. 0. 0. 255. 255. 255. 201. 153. 153. 153. 153. 153.
    153. 153. 153. 153. 255. 255. 222. 153. 153. 153. 153. 255. 255.
    255. 255. 255. 255. 255. 255. 255. 255. 255. 255. 255. 255. 255.
    255. 255. 255. 255. 255. 255. 255. 255. 255. 255. 255. 255. 255.
    255. 255. 255. 255. 255. 255. 255. 255. 255. 255. 255. 255. 0. 0. 0.
    0. 0. 0. 0. 0. 0. 0. 0. 0. 0. 255. 255. 172. 0. 0. 0. 0. 0. 0. 0. 0.
    0. 0. 0. 0. 0. 0. 0. 0. 0. 255. 255. 255. 134. 0. 0. 0. 0. 0. 0. 0.
    0. 0. 0. 0. 0. 0. 0. 0. 0. 255. 255. 255. 134. 0. 0. 0. 0. 0. 0. 0.
    0. 0. 0. 0. 0. 0. 0. 0. 0. 255. 255. 255. 134. 0. 0. 0. 0. 0. 0. 0.
    0. 0. 0. 0. 0. 0. 0. 0. 0. 255. 255. 255. 134. 0. 0. 0. 0. 0. 0. 0.
    0. 0. 0. 0. 0. 0. 0. 0. 0. 255. 255. 255. 134. 0. 0. 0. 0. 0. 0. 0.
    0. 0. 0. 0. 0. 0. 0. 0. 178. 255. 255. 255. 134. 0. 0. 0. 0. 0. 0.
    0. 0. 0. 0. 0. 0. 0. 0. 0. 223. 255. 255. 255. 134. 0. 0. 0. 0. 0.
    0. 0. 0. 14. 26. 198. 255. 255. 255. 255. 198. 26. 26. 11. 0. 0. 0.
    0. 0. 0. 0. 27. 76. 174. 255. 255. 255. 255. 255. 255. 255. 255.
    255. 157. 27. 0. 0. 0. 0. 0. 32. 172. 255. 255. 255. 159. 128. 128.
    128. 147. 255. 255. 255. 255. 172. 32. 0. 0. 0. 0. 64. 255. 255.
    255. 139. 19. 0. 0. 0. 11. 121. 255. 255. 255. 255. 64. 0. 0. 0. 34.
    236. 255. 255. 129. 9. 0. 0. 0. 0. 0. 6. 106. 255. 255. 255. 236.
    34. 0. 1. 60. 255. 255. 243. 103. 0. 0. 0. 0. 0. 0. 0. 0. 115. 255.
    255. 255. 255. 13. 13. 255. 255. 255. 140. 0. 0. 0. 0. 0. 0. 0. 0.
