<?xml version="1.0"?>
<opencv_storage>
<classifications type_id="opencv-matrix">
  <rows>177</rows>
  <cols>1</cols>
  <dt>i</dt>
  <data>
    90 89 88 87 86 85 84 82 80 78 77 76 75 74 73 72 70 69 68 66 65 83 81
    79 71 67 57 56 55 54 53 52 51 50 49 79 90 89 88 87 86 85 84 82 80 78
    77 76 75 74 73 72 70 69 68 66 65 83 81 79 71 67 55 54 53 52 49 56 56
    51 50 48 90 89 88 87 86 85 84 83 82 79 80 79 78 77 76 75 74 72 71 70
    69 68 67 66 65 57 56 54 53 52 51 50 48 90 89 88 87 86 85 84 82 80 78
    77 76 75 74 73 72 70 69 68 66 83 81 79 71 67 65 57 56 55 54 53 52 51
    50 49 48 90 89 88 87 86 85 84 82 80 78 77 76 75 74 73 72 70 69 68 66
    65 83 81 79 71 67 55 54 52 57 56 54 51 50 49 48</data></classifications>
</opencv_storage>
