<?xml version="1.0"?>
<opencv_storage>
<classifications type_id="opencv-matrix">
  <rows>48</rows>
  <cols>1</cols>
  <dt>i</dt>
  <data>
    57 56 55 54 53 52 51 50 49 48 55 54 53 52 49 57 56 51 50 48 57 56 54
    53 52 51 50 48 57 56 55 54 53 52 51 50 49 48 55 53 52 57 56 54 51 50
    49 48</data></classifications>
</opencv_storage>
